15333302
15333536
15333541
15333548
15333553
15333556
15333577
15333584
15333588
15333592
15333597
15333614
15333627
15333636
15333644
15333648
15333656
15333679
15333684
15333685
15333694
15333697
15333701
15333708
15333712
15333718
15333723
15333742
15333751
15333757
15333766
15333772
15333778
15333786
15333787
15333794
15333798
15333809
15333819
15333822
15333827
15333838
15333841
15333848
15333854
15333861
15333867
15333872
15333876
15333883
15333887
15333892
15333900
15333904
15333909
15333922
15333926
15333930
15333934
15333937
15333941
15333946
15333951
15333953
15333957
15333965
15333969
15336147
15336152
15336155
15336158
15336162
15336171
15336172
15336174
15336178
15336179
15336810
15336813
15336814
15336815
15336816
15336824
