16279209
16279210
16279211
16279212
16279227
16279228
16279229
16279230
16279231
16279245
16279246
16279247
16279244
16279248
16279266
16279264
16279265
16279267
16279268
16279289
16279286
16279287
16279285
16279288
16279305
16279307
16279308
16279306
16279309
16279321
16279322
16279324
16279323
16279325
16279342
16279343
16279341
16279344
16279345
16279366
16279365
16279364
16279367
16279368
16279384
16279381
16279383
16279385
16279382
16279398
16279399
16279400
16279402
16279401
16279419
16279421
16279415
16279420
16279422
16279431
16279430
16279437
16279433
16279432
16279451
16279452
16279455
16279453
16279454
16279475
16279472
16279473
16279471
16279476
16279497
16279496
16279499
16279498
16279495
16279516
16279517
16279520
16279519
