16278884
16278882
16278881
16278901
16278893
16278895
16278899
16278900
16278912
16278915
16278913
16278914
16278911
16278932
16278930
16278928
16278937
16278935
16278954
16278951
16278949
16278952
16278953
16278967
16278966
16278965
16278971
16278972
16278994
16278995
16278990
16279001
16278993
16279019
16279018
16279022
16279017
16279020
16279039
16279038
16279037
16279041
16279040
16279048
16279052
16279050
16279049
16279051
16279068
16279072
16279070
16279069
16279071
16279089
16279092
16279090
16279088
16279091
16279108
16279109
16279111
16279110
16279112
16279129
16279128
16279131
16279133
16279130
16279152
16279150
16279149
16279153
16279151
16279171
16279173
16279169
16279170
16279172
16279190
16279189
16279192
16279193
16279191
