16279696
16279698
16279705
16279723
16279727
16279724
16279725
16279726
16279765
16279768
16279766
16279767
16279779
16279791
16279795
16279793
16279796
16279792
16279810
16279811
16279819
16279818
16279820
16279836
16279834
16279832
16279835
16279831
16279853
16279852
16279851
16279854
16279855
16279876
16279874
16279875
16279877
16279878
16279896
16279893
16279895
16279898
16279897
16279915
16279914
16279918
16279916
16279917
16278048
16278049
16278047
16278050
16278051
16278060
16278058
16278057
16278061
16278059
16278073
16278074
16278072
16278075
16278076
16278090
16278094
16278093
16278091
16278092
16278105
16278106
16278108
16278107
16278115
16278127
16278125
16278129
16278126
16278128
16278144
16278143
16278142
16278145
16278146
