15328560
15328563
15328565
15328566
15328569
15328574
15328578
15328585
15328588
15328593
15328597
15328784
15328788
15328790
15328793
15328797
15328802
15328807
15328814
15328818
15328820
15328828
15328829
15328831
15328833
15328835
15328839
15328845
15328850
15328854
15329033
15329036
15329040
15329045
15329048
15329054
15329060
15329066
15329071
15329073
15329079
15329238
15329249
15329255
15329271
15329277
15329290
15329304
15329329
15329365
15329382
15329389
15329399
15329428
15329431
15329441
15329458
15329468
15329478
15329482
15329719
15329731
15329746
15329768
15329778
15329815
15329819
15329842
15329876
15329880
15329929
15329935
15329940
15329956
15331452
15331456
15333190
15333195
15333202
15333203
15333209
15333214
15333295
