15327701
15327702
15327708
15327712
15327714
15327716
15327719
15327728
15327732
15327733
15327737
15327739
15327741
15327743
15327744
15327747
15327751
15327761
15327766
15327768
15327771
15327773
15327776
15327779
15327784
15327788
15327790
15327918
15327919
15327923
15327925
15327928
15327934
15327939
15327940
15327944
15327948
15327955
15327958
15327961
15327962
15327965
15327967
15327969
15327974
15327994
15327996
15328022
15328023
15328028
15328032
15328034
15328035
15328039
15328044
15328046
15328050
15328054
15328058
15328064
15328065
15328068
15328070
15328074
15328076
15328078
15328082
15328090
15328092
15328093
15328096
15328100
15328103
15328115
15328120
15328124
15328130
15328153
15328373
15328378
15328382
15328383
15328386
