15304047
15304051
15304055
15304059
15304067
15304072
15304075
15304080
15304084
15304091
15304105
15304107
15304130
15304111
15304133
15304144
15304145
15304148
15304153
15304159
15304162
15304169
15304172
15304174
15304177
15304184
15304189
15304195
15304198
15304202
15304207
15304213
15304216
15304217
15304223
15304227
15304228
15304233
15304246
15304249
15304251
15304255
15304263
15304265
15304387
15304394
15304398
15304495
15304497
15304498
15304827
15304833
15304837
15304834
15304853
15304861
15304876
15304889
15304945
15304994
15304998
15305006
15305011
15305016
15305020
15305027
15305029
15305045
15305049
15305052
15305057
15305062
15305075
15305084
15305087
15305093
15305098
15305100
15305106
15305110
15306030
15306166
15306174
