16278279
16278281
16278283
16278280
16278301
16278303
16278299
16278300
16278302
16278317
16278318
16278320
16278319
16278321
16278336
16278337
16278339
16278343
16278338
16278359
16278358
16278355
16278356
16278379
16278376
16278377
16278383
16278394
16278396
16278395
16278397
16278398
16278411
16278412
16278409
16278410
16278430
16278438
16278439
16278442
16278445
16278441
16278460
16278458
16278461
16278462
16278459
16278475
16278478
16278477
16278476
16278479
16278495
16278494
16278493
16278501
16278497
16278523
16278524
16278525
16278526
16278527
16278548
16278544
16278545
16278547
16278546
16278565
16278568
16278569
16278567
16278566
16278585
16278587
16278589
16278588
16278586
16278606
16278605
16278608
16278607
16278609
16278620
