15306204
15306312
15306322
15306348
15306525
15306541
15306565
15306945
15306954
15306961
15306971
15306978
15306992
15306996
15307007
15307025
15307039
15307048
15307060
15307068
15307077
15307083
15307088
15307092
15307098
15307114
15307120
15307125
15307135
15308025
15308033
15308039
15308043
15308045
15308046
15308048
15308049
15308053
15308058
15308059
15308448
15308450
15308456
15308459
15308460
15308466
15308470
15308473
15308475
15308478
15308481
15308485
15308487
15308491
15308494
15308498
15308503
15308510
15308514
15308517
15308520
15308528
15308530
15308531
15308534
15308542
15308545
15574225
15574227
15574230
15574234
15574238
15574240
15574244
15574247
15574248
15574256
15574259
15574261
15574265
15574266
15574268
15574269
