15574275
15574276
15574278
15574279
15574281
15574283
15574285
15574286
15574287
15574288
15574289
15574295
15574302
15574305
15577797
15577799
15577800
15577801
15577802
15577803
15577807
15577810
15577812
15577814
15577820
15577822
15577823
15577826
15577828
15577830
15577838
15577839
15577843
15577847
15579633
15579638
15579643
15579646
15579657
15579664
15579667
15579760
15579765
15580747
15581691
15581693
15581695
15581697
15581698
15581705
15581709
15581712
15581714
15581717
15582112
15582113
15582114
15582119
15582124
15582125
15582126
15582128
15582141
15582143
15582251
15582252
15582255
15582256
15582258
15582262
15582267
15582270
15582273
15582276
15582279
15582280
15582282
15582283
15582287
15582291
15582292
15582294
15582295
15582297
