16278161
16278162
16278165
16278164
16278163
16278181
16278182
16278184
16278185
16278183
16278202
16278201
16278203
16278205
16278204
16278224
16278225
16278222
16278223
16278221
16278255
16278250
16278253
16278251
16278252
16278270
16278269
16278272
16278271
16278273
16278289
16278291
16278293
16278292
16278290
16278307
16278311
16278309
16278308
16278310
16278322
16278323
16278324
16278326
16278325
16278341
16278340
16278344
16278342
16278346
16278361
16278362
16278363
16278364
16278365
16278380
16278382
16278378
16278381
16278426
16278443
16278437
16278446
16278444
16278440
16278465
16278463
16278466
16278464
16278467
16278482
16278484
16278481
16278483
16278485
16278499
16278496
16278502
16278498
16278500
16278508
16278509
16278511
