15327223
15327226
15327229
15327236
15327242
15327243
15327248
15327249
15327250
15327254
15327259
15327260
15327263
15327265
15327281
15327290
15327289
15327293
15327300
15327302
15327305
15327320
15327322
15327326
15327329
15327333
15327337
15327344
15327346
15327347
15327351
15327352
15327353
15327354
15327360
15327362
15327363
15327365
15327366
15327370
15327374
15327389
15327393
15327398
15327422
15327424
15327427
15327429
15327431
15327434
15327443
15327447
15327449
15327451
15327456
15327459
15327461
15327463
15327464
15327467
15327476
15327480
15327482
15327492
15327498
15327500
15327503
15327504
15327506
15327513
15327517
15327519
15327521
15327524
15327526
15327532
15327535
15327541
15327544
15327547
15327653
15327696
15327698
