16279850
16279856
16279869
16279871
16279872
16279873
16279870
16279889
16279890
16279891
16279892
16279894
16279911
16279909
16279912
16279910
16279913
16279928
16279930
16279929
16279931
16279939
16279960
16279961
16279962
16279963
16279964
16279976
16279979
16279978
16279977
16279980
16278069
16278068
16278070
16278067
16278071
16278082
16278078
16278083
16278084
16278109
16278123
16278122
16278121
16278124
16278135
16278141
16278147
16278154
16278148
16278155
16278168
16278169
16278167
16278166
16278175
16278191
16278192
16278198
16278189
16278200
16278209
16278208
16278213
16278214
16278211
16278237
16278232
16278236
16278229
16278230
16278242
16278244
16278245
16278241
16278243
16278266
16278267
16278263
16278264
16278265
16278282
