15336827
15336831
15336834
15336836
15336839
15336845
15336849
15336852
15336856
15336862
15336864
15336866
15336868
15336870
15336874
15336876
15336880
15336881
15336885
15336889
15336891
15336903
15336915
15336919
15336922
15336923
15336926
15336929
15336933
15336937
15336941
15336948
15336953
15336955
15337122
15337126
15337130
15337137
15337138
15337141
15337144
15337151
15337154
15337158
15337163
15337169
15337173
15337183
15337190
15337192
15337201
15337203
15337207
15337213
15337273
15337278
15337282
15337287
15337293
15337294
15337298
15337302
15337311
15337314
15337318
15337322
15337326
15337327
15337330
15337336
15337338
15337342
15337402
15337357
15337363
15337367
15337371
15337375
15337380
15337386
15337389
15337395
15337349
15337352
