16278621
16278622
16278624
16278623
16278637
16278636
16278638
16278639
16278651
16278662
16278664
16278661
16278663
16278666
16278682
16278683
16278684
16278686
16278685
16278706
16278704
16278705
16278703
16278707
16278719
16278721
16278718
16278720
16278727
16278742
16278743
16278741
16278744
16278759
16278773
16278772
16278771
16278775
16278774
16278784
16278782
16278783
16278786
16278785
16278807
16278810
16278808
16278809
16278811
16278828
16278829
16278831
16278826
16278830
16278844
16278845
16278848
16278847
16278846
16278864
16278872
16278871
16278868
16278870
16278918
16278921
16278922
16278920
16278919
16278939
16278938
16278940
16278941
16278942
16278947
16278948
16278955
16278956
16278950
16278964
16278963
16278968
16278970
16278969
