16278512
16278510
16278528
16278529
16278530
16278532
16278531
16278550
16278549
16278552
16278551
16278553
16278570
16278574
16278572
16278571
16278573
16278590
16278591
16278592
16278593
16278594
16278611
16278610
16278614
16278613
16278612
16278626
16278627
16278629
16278625
16278628
16278668
16278671
16278670
16278669
16278667
16278694
16278691
16278695
16278692
16278693
16278716
16278712
16278715
16278714
16278717
16278731
16278729
16278730
16278732
16278737
16278746
16278751
16278752
16278747
16278761
16278777
16278778
16278776
16278780
16278779
16278793
16278794
16278795
16278792
16278801
16278817
16278819
16278818
16278820
16278821
16278841
16278839
16278842
16278843
16278840
16278859
16278863
16278860
16278861
16278862
16278883
16278880
