16279518
16279536
16279538
16279537
16279544
16279545
16279561
16279562
16279563
16279564
16279565
16279582
16279584
16279586
16279585
16279583
16279606
16279605
16279603
16279604
16279607
16279624
16279626
16279625
16279628
16279627
16279644
16279645
16279646
16279647
16279648
16279665
16279669
16279666
16279668
16279667
16279681
16279683
16279684
16279685
16279682
16279700
16279703
16279702
16279701
16279704
16279718
16279719
16279722
16279721
16279720
16279738
16279737
16279741
16279739
16279740
16279754
16279755
16279758
16279757
16279759
16279773
16279770
16279772
16279771
16279769
16279785
16279788
16279787
16279786
16279789
16279807
16279806
16279808
16279817
16279814
16279828
16279830
16279829
16279833
16279827
16279849
16279848
16279847
