15328388
15328397
15328401
15328407
15328413
15328416
15328420
15328421
15328424
15328427
15328430
15328432
15328435
15328436
15328442
15328443
15328454
15328456
15328457
15328460
15328463
15328468
15328470
15328473
15328478
15328482
15328486
15328488
15328517
15328523
15328546
15328553
15328555
15328557
15328560
15328563
15328565
15328566
15328569
15328574
15328578
15328585
15328588
15328593
15328597
15328784
15328788
15328790
15328793
15328797
15328802
15328807
15328814
15328818
15328820
15328828
15328829
15328831
15328833
15328835
15328839
15328845
15328850
15328854
15329033
15329036
15329040
15329045
15329048
15329054
15329060
15329066
15329071
15329073
15329079
15329238
15329249
15329255
15329271
15329277
15329290
15329304
15329329
15329365
